1.00,25,31.25
1.25,29,36.25
1.50,33,41.25
1.75,37,46.25
2.00,41,51.25
2.25,45,56.25
2.50,49,61.25
2.75,53,66.25
3.00,57,71.25
3.25,61,76.25
3.50,65,81.25
3.75,69,86.25
4.00,73,91.25
4.25,77,96.25
4.50,81,101.25
4.75,85,106.25
5.00,89,111.25
5.25,93,116.25
5.50,97,121.25
5.75,101,126.25
6.00,105,131.25
6.25,109,136.25
6.50,113,141.25
6.75,117,146.25
7.00,121,151.25
7.25,125,156.25
7.50,129,161.25
7.75,133,166.25
8.00,137,171.25
8.25,141,176.25
8.50,145,181.25
8.75,149,186.25
9.00,153,191.25
9.25,157,196.25
9.50,161,201.25
9.75,165,206.25
10.00,169,211.25
10.25,173,216.25
10.50,177,221.25
10.75,181,226.25
11.00,185,231.25
11.25,189,236.25
11.50,193,241.25
11.75,197,246.25
12.00,201,251.25
12.25,205,256.25
12.50,209,261.25
12.75,213,266.25
13.00,217,271.25
13.25,221,276.25
13.50,225,281.25
13.75,229,286.25
14.00,233,291.25
14.25,237,296.25
14.50,241,301.25
14.75,245,306.25
15.00,249,311.25
15.25,253,316.25
15.50,257,321.25
15.75,261,326.25
16.00,265,331.25
16.25,269,336.25
16.50,273,341.25
16.75,277,346.25
17.00,281,351.25
17.25,285,356.25
17.50,289,361.25
17.75,293,366.25
18.00,297,371.25
18.25,301,376.25
18.50,305,381.25
18.75,309,386.25
19.00,313,391.25
19.25,317,396.25
19.50,321,401.25
19.75,325,406.25
20.00,329,411.25
20.25,333,416.25
20.50,337,421.25
20.75,341,426.25
21.00,345,431.25
21.25,349,436.25
21.50,353,441.25
21.75,357,446.25
22.00,361,451.25
22.25,365,456.25
22.50,369,461.25
22.75,373,466.25
23.00,377,471.25
23.25,381,476.25
23.50,385,481.25
23.75,389,486.25
24.00,393,491.25
24.25,397,496.25
24.50,401,501.25
24.75,405,506.25
25.00,409,511.25
25.25,413,516.25
25.50,417,521.25
25.75,421,526.25
26.00,425,531.25
26.25,429,536.25
26.50,433,541.25
26.75,437,546.25
27.00,441,551.25
27.25,445,556.25
27.50,449,561.25
27.75,453,566.25
28.00,457,571.25
28.25,461,576.25
28.50,465,581.25
28.75,469,586.25
29.00,473,591.25
29.25,477,596.25
29.50,481,601.25
29.75,485,606.25
30.00,489,611.25
30.25,493,616.25
30.50,497,621.25
30.75,501,626.25
31.00,505,631.25
31.25,509,636.25
31.50,513,641.25
31.75,517,646.25
32.00,521,651.25
32.25,525,656.25
32.50,529,661.25
32.75,533,666.25
33.00,537,671.25
33.25,541,676.25
33.50,545,681.25
33.75,549,686.25
34.00,553,691.25
34.25,557,696.25
34.50,561,701.25
34.75,565,706.25
35.00,569,711.25
35.25,573,716.25
35.50,577,721.25
35.75,581,726.25
36.00,585,731.25
36.25,589,736.25
36.50,593,741.25
36.75,597,746.25
37.00,601,751.25
37.25,605,756.25
37.50,609,761.25
37.75,613,766.25
38.00,617,771.25
38.25,621,776.25
38.50,625,781.25
38.75,629,786.25
39.00,633,791.25
39.25,637,796.25
39.50,641,801.25
39.75,645,806.25
40.00,649,811.25
40.25,653,816.25
40.50,657,821.25
40.75,661,826.25
41.00,665,831.25
41.25,669,836.25
41.50,673,841.25
41.75,677,846.25
42.00,681,851.25
42.25,685,856.25
42.50,689,861.25
42.75,693,866.25
43.00,697,871.25
43.25,701,876.25
43.50,705,881.25
43.75,709,886.25
44.00,713,891.25
44.25,717,896.25
44.50,721,901.25
44.75,725,906.25
45.00,729,911.25
45.25,733,916.25
45.50,737,921.25
45.75,741,926.25
46.00,745,931.25
46.25,749,936.25
46.50,753,941.25
46.75,757,946.25
47.00,761,951.25
47.25,765,956.25
47.50,769,961.25
47.75,773,966.25
48.00,777,971.25
48.25,781,976.25
48.50,785,981.25
48.75,789,986.25
49.00,793,991.25
49.25,797,996.25
49.50,801,1001.25
49.75,805,1006.25
50.00,809,1011.25
50.25,813,1016.25
50.50,817,1021.25
50.75,821,1026.25
