2.00,25,31.25
2.25,27,33.75
2.50,29,36.25
2.75,31,38.75
3.00,33,41.25
3.25,35,43.75
3.50,37,46.25
3.75,39,48.75
4.00,41,51.25
4.25,43,53.75
4.50,45,56.25
4.75,47,58.75
5.00,49,61.25
5.25,51,63.75
5.50,53,66.25
5.75,55,68.75
6.00,57,71.25
6.25,59,73.75
6.50,61,76.25
6.75,63,78.75
7.00,65,81.25
7.25,67,83.75
7.50,69,86.25
7.75,71,88.75
8.00,73,91.25
8.25,75,93.75
8.50,77,96.25
8.75,79,98.75
9.00,81,101.25
9.25,83,103.75
9.50,85,106.25
9.75,87,108.75
10.00,89,111.25
10.25,91,113.75
10.50,93,116.25
10.75,95,118.75
11.00,97,121.25
11.25,99,123.75
11.50,101,126.25
11.75,103,128.75
12.00,105,131.25
12.25,107,133.75
12.50,109,136.25
12.75,111,138.75
13.00,113,141.25
13.25,115,143.75
13.50,117,146.25
13.75,119,148.75
14.00,121,151.25
14.25,123,153.75
14.50,125,156.25
14.75,127,158.75
15.00,129,161.25
15.25,131,163.75
15.50,133,166.25
15.75,135,168.75
16.00,137,171.25
16.25,139,173.75
16.50,141,176.25
16.75,143,178.75
17.00,145,181.25
17.25,147,183.75
17.50,149,186.25
17.75,151,188.75
18.00,153,191.25
18.25,155,193.75
18.50,157,196.25
18.75,159,198.75
19.00,161,201.25
19.25,163,203.75
19.50,165,206.25
19.75,167,208.75
20.00,169,211.25
20.25,171,213.75
20.50,173,216.25
20.75,175,218.75
21.00,177,221.25
21.25,179,223.75
21.50,181,226.25
21.75,183,228.75
22.00,185,231.25
22.25,187,233.75
22.50,189,236.25
22.75,191,238.75
23.00,193,241.25
23.25,195,243.75
23.50,197,246.25
23.75,199,248.75
24.00,201,251.25
24.25,203,253.75
24.50,205,256.25
24.75,207,258.75
25.00,209,261.25
25.25,211,263.75
25.50,213,266.25
25.75,215,268.75
26.00,217,271.25
26.25,219,273.75
26.50,221,276.25
26.75,223,278.75
27.00,225,281.25
27.25,227,283.75
27.50,229,286.25
27.75,231,288.75
28.00,233,291.25
28.25,235,293.75
28.50,237,296.25
28.75,239,298.75
29.00,241,301.25
29.25,243,303.75
29.50,245,306.25
29.75,247,308.75
30.00,249,311.25
30.25,251,313.75
30.50,253,316.25
30.75,255,318.75
31.00,257,321.25
31.25,259,323.75
31.50,261,326.25
31.75,263,328.75
32.00,265,331.25
32.25,267,333.75
32.50,269,336.25
32.75,271,338.75
33.00,273,341.25
33.25,275,343.75
33.50,277,346.25
33.75,279,348.75
34.00,281,351.25
34.25,283,353.75
34.50,285,356.25
34.75,287,358.75
35.00,289,361.25
35.25,291,363.75
35.50,293,366.25
35.75,295,368.75
36.00,297,371.25
36.25,299,373.75
36.50,301,376.25
36.75,303,378.75
37.00,305,381.25
37.25,307,383.75
37.50,309,386.25
37.75,311,388.75
38.00,313,391.25
38.25,315,393.75
38.50,317,396.25
38.75,319,398.75
39.00,321,401.25
39.25,323,403.75
39.50,325,406.25
39.75,327,408.75
40.00,329,411.25
40.25,331,413.75
40.50,333,416.25
40.75,335,418.75
41.00,337,421.25
41.25,339,423.75
41.50,341,426.25
41.75,343,428.75
42.00,345,431.25
42.25,347,433.75
42.50,349,436.25
42.75,351,438.75
43.00,353,441.25
43.25,355,443.75
43.50,357,446.25
43.75,359,448.75
44.00,361,451.25
44.25,363,453.75
44.50,365,456.25
44.75,367,458.75
45.00,369,461.25
45.25,371,463.75
45.50,373,466.25
45.75,375,468.75
46.00,377,471.25
46.25,379,473.75
46.50,381,476.25
46.75,383,478.75
47.00,385,481.25
47.25,387,483.75
47.50,389,486.25
47.75,391,488.75
48.00,393,491.25
48.25,395,493.75
48.50,397,496.25
48.75,399,498.75
49.00,401,501.25
49.25,403,503.75
49.50,405,506.25
49.75,407,508.75
50.00,409,511.25
50.25,411,513.75
50.50,413,516.25
50.75,415,518.75
51.00,417,521.25
51.25,419,523.75
51.50,421,526.25
51.75,423,528.75
