1.5,18,22
1.6,19,23
1.7,20,24
1.8,22,25
1.9,23,27
2.0,24,28
2.1,25,29
2.2,27,30
2.3,28,31
2.4,29,33
2.5,30,34
2.6,31,35
2.7,32,36
2.8,34,38
2.9,35,39
3.0,36,40
3.1,37,41
3.2,38,42
3.3,39,44
3.4,41,45
3.5,42,46
3.6,43,47
3.7,44,49
3.8,45,50
3.9,46,51
4.0,48,52
4.1,50,54
4.2,51,55
4.3,52,56
4.4,53,57
4.5,54,58
4.6,56,60
4.7,57,61
4.8,58,62
4.9,59,63
5.0,61,65
5.1,62,66
5.2,63,67
5.3,64,68
5.4,65,70
5.5,67,71
5.6,68,72
5.7,69,73
5.8,71,74
5.9,72,76
6.0,73,77
6.1,75,78
6.2,76,79
6.3,77,81
6.4,78,82
6.5,79,83
6.6,80,84
6.7,82,86
6.8,83,87
6.9,84,88
7.0,85,89
7.1,86,90
7.2,87,92
7.3,89,93
7.4,90,94
7.5,91,95
7.6,92,97
7.7,93,98
7.8,95,99
7.9,96,100
8.0,98,102
8.1,99,103
8.2,100,104
8.3,101,105
8.4,102,107
8.5,104,108
8.6,105,109
8.7,107,110
8.8,108,112
8.9,109,113
9.0,110,114
9.1,112,115
9.2,113,117
9.3,114,118
9.4,115,119
9.5,116,120
9.6,117,121
9.7,119,122
9.8,120,124
9.9,121,125
10.0,122,126
10.1,123,127
10.2,124,129
10.3,126,130
10.4,127,131
10.5,128,132
10.6,129,134
10.7,130,135
10.8,131,136
10.9,133,137
11.0,134,138
11.1,135,141
11.2,137,142
11.3,138,143
11.4,139,144
11.5,141,145
11.6,142,146
11.7,144,147
11.8,145,148
11.9,146,150
12.0,147,151
12.1,148,152
12.2,150,153
12.3,151,154
12.4,152,156
12.5,153,157
12.6,154,158
12.7,155,159
12.8,157,161
12.9,158,162
13.0,159,163
13.1,160,164
13.2,161,166
13.3,162,167
13.4,164,168
13.5,165,169
13.6,166,170
13.7,167,172
13.8,168,173
13.9,169,174
14.0,171,176
14.1,172,178
14.2,174,179
14.3,175,180
14.4,176,181
14.5,178,183
14.6,179,184
14.7,180,185
14.8,181,186
14.9,183,187
15.0,184,188
