1.5,26,33
1.6,28,35
1.7,30,37
1.8,31,39
1.9,33,41
2.0,35,44
2.1,37,46
2.2,38,48
2.3,40,50
2.4,42,52
2.5,44,55
2.6,45,57
2.7,47,59
2.8,49,61
2.9,51,63
3.0,52,65
3.1,54,68
3.2,56,70
3.3,58,72
3.4,59,74
3.5,61,76
3.6,63,79
3.7,65,81
3.8,66,83
3.9,68,85
4.0,70,87
4.1,72,89
4.2,73,92
4.3,75,94
4.4,77,96
4.5,79,98
4.6,80,100
4.7,82,103
4.8,84,105
4.9,86,107
5.0,87,109
5.1,89,111
5.2,91,113
5.3,92,116
5.4,94,118
5.5,96,120
5.6,98,122
5.7,99,124
5.8,101,127
5.9,103,129
6.0,105,131
6.1,106,133
6.2,108,135
6.3,110,137
6.4,112,140
6.5,113,142
6.6,115,144
6.7,117,146
6.8,119,148
6.9,120,151
7.0,122,153
7.1,124,155
7.2,126,157
7.3,127,159
7.4,129,161
7.5,131,164
7.6,133,166
7.7,134,168
7.8,136,170
7.9,138,172
8.0,140,175
8.1,141,177
8.2,143,179
8.3,145,181
8.4,147,183
8.5,148,185
8.6,150,188
8.7,152,190
8.8,154,192
8.9,155,194
9.0,157,196
9.1,159,198
9.2,161,201
9.3,162,203
9.4,164,205
9.5,166,207
9.6,168,209
9.7,169,212
9.8,171,214
9.9,173,216
10.0,175,218
10.1,176,220
10.2,178,222
10.3,180,225
10.4,181,227
10.5,183,229
10.6,185,231
10.7,187,233
10.8,188,236
10.9,190,238
11.0,192,240
11.1,194,242
11.2,195,244
11.3,197,246
11.4,199,249
11.5,201,251
11.6,202,253
11.7,204,255
11.8,206,257
11.9,208,260
12.0,209,262
12.1,211,264
12.2,213,266
12.3,215,268
12.4,216,270
12.5,218,273
12.6,220,275
12.7,222,277
12.8,223,279
12.9,225,281
13.0,227,284
13.1,229,286
13.2,230,288
13.3,232,290
13.4,234,292
13.5,236,294
13.6,237,297
13.7,239,299
13.8,241,301
13.9,243,303
14.0,244,305
14.1,246,308
14.2,248,310
14.3,250,312
14.4,251,314
14.5,253,316
14.6,255,318
14.7,257,321
14.8,258,323
14.9,260,325
15.0,262,327
15.1,263,329
15.2,265,332
15.3,267,334
15.4,269,336
15.5,270,338
15.6,272,340
15.7,274,342
15.8,276,345
15.9,277,347
16.0,279,349
16.1,281,351
16.2,283,353
16.3,284,356
16.4,286,358
16.5,288,360
16.6,290,362
16.7,291,364
16.8,293,366
16.9,295,369
17.0,297,371
17.1,298,373
17.2,300,375
17.3,302,377
17.4,304,380
17.5,305,382
17.6,307,384
17.7,309,386
17.8,311,388
17.9,312,390
18.0,314,393
18.1,316,395
18.2,318,397
18.3,319,399
18.4,321,401
18.5,323,404
18.6,325,406
18.7,326,408
18.8,328,410
18.9,330,412
19.0,332,414
19.1,333,417
19.2,335,419
19.3,337,421
19.4,339,423
19.5,340,425
19.6,342,428
19.7,344,430
19.8,346,432
19.9,347,434
20.0,349,436
20.1,351,438
20.2,352,441
20.3,354,443
20.4,356,445
20.5,358,447
20.6,359,449
20.7,361,452
20.8,363,454
20.9,365,456
21.0,366,458
21.1,368,460
21.2,370,462
21.3,372,465
21.4,373,467
21.5,375,469
21.6,377,471
21.7,379,473
21.8,380,476
21.9,382,478
22.0,384,480
22.1,386,482
22.2,387,484
22.3,389,486
22.4,391,489
22.5,393,491
22.6,394,493
22.7,396,495
22.8,398,497
22.9,400,500
23.0,401,502
23.1,403,504
23.2,405,506
23.3,407,508
23.4,408,510
23.5,410,513
23.6,412,515
23.7,414,517
23.8,415,519
23.9,417,521
24.0,419,524
24.1,421,526
24.2,422,528
24.3,424,530
24.4,426,532
24.5,428,534
24.6,429,537
24.7,431,539
24.8,433,541
24.9,435,543
25.0,436,545
25.1,438,547
25.2,440,550
25.3,441,552
25.4,443,554
25.5,445,556
25.6,447,558
25.7,448,561
25.8,450,563
25.9,452,565
26.0,454,567
26.1,455,569
26.2,457,571
26.3,459,574
26.4,461,576
26.5,462,578
26.6,464,580
26.7,466,582
26.8,468,585
26.9,469,587
27.0,471,589
27.1,473,591
27.2,475,593
27.3,476,595
27.4,478,598
27.5,480,600
27.6,482,602
27.7,483,604
27.8,485,606
27.9,487,609
28.0,489,611
28.1,490,613
28.2,492,615
28.3,494,617
28.4,496,619
28.5,497,622
28.6,499,624
28.7,501,626
28.8,503,628
28.9,504,630
29.0,506,633
29.1,508,635
29.2,510,637
29.3,511,639
29.4,513,641
29.5,515,643
29.6,517,646
29.7,518,648
29.8,520,650
29.9,522,652
30.0,524,654
30.1,525,657
30.2,527,659
30.3,529,661
30.4,530,663
30.5,532,665
30.6,534,667
30.7,536,670
30.8,537,672
30.9,539,674
31.0,541,676
31.1,543,678
31.2,544,681
31.3,546,683
31.4,548,685
31.5,550,687
31.6,551,689
31.7,553,691
31.8,555,694
31.9,557,696
32.0,558,698
32.1,560,700
32.2,562,702
32.3,564,705
32.4,565,707
32.5,567,709
32.6,569,711
32.7,571,713
32.8,572,715
32.9,574,718
33.0,576,720
33.1,578,722
33.2,579,724
33.3,581,726
33.4,583,729
33.5,585,731
33.6,586,733
33.7,588,735
33.8,590,737
33.9,592,739
34.0,593,742
34.1,595,744
34.2,597,746
34.3,599,748
34.4,600,750
34.5,602,753
34.6,604,755
34.7,606,757
34.8,607,759
34.9,609,761
35.0,611,763
35.1,612,766
35.2,614,768
35.3,616,770
35.4,618,772
35.5,619,774
35.6,621,777
35.7,623,779
35.8,625,781
35.9,626,783
36.0,628,785
36.1,630,787
36.2,632,790
36.3,633,792
36.4,635,794
36.5,637,796
36.6,639,798
36.7,640,801
36.8,642,803
36.9,644,805
37.0,646,807
37.1,647,809
37.2,649,811
37.3,651,814
37.4,653,816
37.5,654,818
37.6,656,820
37.7,658,822
37.8,660,825
37.9,661,827
38.0,663,829
38.1,665,831
38.2,667,833
38.3,668,835
38.4,670,838
38.5,672,840
38.6,674,842
38.7,675,844
38.8,677,846
38.9,679,849
39.0,681,851
39.1,682,853
39.2,684,855
39.3,686,857
39.4,688,859
39.5,689,862
39.6,691,864
39.7,693,866
39.8,695,868
39.9,696,870
40.0,698,873
40.1,700,875
40.2,701,877
40.3,703,879
40.4,705,881
40.5,707,883
40.6,708,886
40.7,710,888
40.8,712,890
40.9,714,892
41.0,715,894
41.1,717,896
41.2,719,899
41.3,721,901
41.4,722,903
41.5,724,905
41.6,726,907
41.7,728,910
41.8,729,912
41.9,731,914
42.0,733,916
42.1,735,918
42.2,736,920
42.3,738,923
42.4,740,925
42.5,742,927
42.6,743,929
42.7,745,931
42.8,747,934
42.9,749,936
43.0,750,938
43.1,752,940
43.2,754,942
43.3,756,944
43.4,757,947
43.5,759,949
43.6,761,951
43.7,763,953
43.8,764,955
43.9,766,958
44.0,768,960
44.1,770,962
44.2,771,964
44.3,773,966
44.4,775,968
44.5,777,971
44.6,778,973
44.7,780,975
44.8,782,977
44.9,784,979
45.0,785,982
45.1,787,984
45.2,789,986
45.3,790,988
45.4,792,990
45.5,794,992
45.6,796,995
45.7,797,997
45.8,799,999
45.9,801,1001
46.0,803,1003
46.1,804,1006
46.2,806,1008
46.3,808,1010
46.4,810,1012
46.5,811,1014
46.6,813,1016
46.7,815,1019
46.8,817,1021
46.9,818,1023
47.0,820,1025
47.1,822,1027
47.2,824,1030
47.3,825,1032
47.4,827,1034
47.5,829,1036
47.6,831,1038
47.7,832,1040
47.8,834,1043
47.9,836,1045
48.0,838,1047
48.1,839,1049
48.2,841,1051
48.3,843,1054
48.4,845,1056
48.5,846,1058
48.6,848,1060
48.7,850,1062
48.8,852,1064
48.9,853,1067
49.0,855,1069
49.1,857,1071
49.2,859,1073
49.3,860,1075
49.4,862,1078
49.5,864,1080
49.6,866,1082
49.7,867,1084
49.8,869,1086
49.9,871,1088
50.0,873,1091
50.1,874,1093
50.2,876,1095
50.3,878,1097
50.4,879,1099
50.5,881,1102
50.6,883,1104
50.7,885,1106
50.8,886,1108
50.9,888,1110
51.0,890,1112
51.1,892,1115
51.2,893,1117
51.3,895,1119
51.4,897,1121
51.5,899,1123
51.6,900,1126
51.7,902,1128
51.8,904,1130
51.9,906,1132
52.0,907,1134
52.1,909,1136
52.2,911,1139
52.3,913,1141
52.4,914,1143
52.5,916,1145
52.6,918,1147
52.7,920,1150
52.8,921,1152
52.9,923,1154
53.0,925,1156
53.1,927,1158
53.2,928,1160
53.3,930,1163
53.4,932,1165
53.5,934,1167
53.6,935,1169
53.7,937,1171
53.8,939,1174
53.9,941,1176
54.0,942,1178
54.1,944,1180
54.2,946,1182
54.3,948,1184
54.4,949,1187
54.5,951,1189
54.6,953,1191
54.7,955,1193
54.8,956,1195
54.9,958,1198
55.0,960,1200
55.1,961,1202
55.2,963,1204
55.3,965,1206
55.4,967,1208
55.5,968,1211
55.6,970,1213
55.7,972,1215
55.8,974,1217
55.9,975,1219
56.0,977,1222
56.1,979,1224
56.2,981,1226
56.3,982,1228
56.4,984,1230
56.5,986,1232
56.6,988,1235
56.7,989,1237
56.8,991,1239
56.9,993,1241
57.0,995,1243
57.1,996,1245
57.2,998,1248
57.3,1000,1250
57.4,1002,1252
57.5,1003,1254
57.6,1005,1256
57.7,1007,1259
57.8,1009,1261
57.9,1010,1263
58.0,1012,1265
58.1,1014,1267
58.2,1016,1269
58.3,1017,1272
58.4,1019,1274
58.5,1021,1276
58.6,1023,1278
58.7,1024,1280
58.8,1026,1283
58.9,1028,1285
59.0,1030,1287
59.1,1031,1289
59.2,1033,1291
59.3,1035,1293
59.4,1037,1296
59.5,1038,1298
59.6,1040,1300
59.7,1042,1302
59.8,1044,1304
59.9,1045,1307
60.0,1047,1309
60.1,1049,1311
60.2,1050,1313
60.3,1052,1315
60.4,1054,1317
60.5,1056,1320
60.6,1057,1322
60.7,1059,1324
60.8,1061,1326
60.9,1063,1328
61.0,1064,1331
61.1,1066,1333
61.2,1068,1335
61.3,1070,1337
61.4,1071,1339
61.5,1073,1341
61.6,1075,1344
61.7,1077,1346
61.8,1078,1348
61.9,1080,1350
62.0,1082,1352
62.1,1084,1355
62.2,1085,1357
62.3,1087,1359
62.4,1089,1361
62.5,1091,1363
62.6,1092,1365
62.7,1094,1368
62.8,1096,1370
62.9,1098,1372
63.0,1099,1374
63.1,1101,1376
63.2,1103,1379
63.3,1105,1381
63.4,1106,1383
63.5,1108,1385
63.6,1110,1387
63.7,1112,1389
63.8,1113,1392
63.9,1115,1394
64.0,1117,1396
64.1,1119,1398
64.2,1120,1400
64.3,1122,1403
64.4,1124,1405
64.5,1126,1407
64.6,1127,1409
64.7,1129,1411
64.8,1131,1413
64.9,1133,1416
65.0,1134,1418
65.1,1136,1420
65.2,1138,1422
65.3,1139,1424
65.4,1141,1427
65.5,1143,1429
65.6,1145,1431
65.7,1146,1433
65.8,1148,1435
65.9,1150,1437
66.0,1152,1440
66.1,1153,1442
66.2,1155,1444
66.3,1157,1446
66.4,1159,1448
66.5,1160,1451
66.6,1162,1453
66.7,1164,1455
66.8,1166,1457
66.9,1167,1459
67.0,1169,1461
67.1,1171,1464
67.2,1173,1466
67.3,1174,1468
67.4,1176,1470
67.5,1178,1472
67.6,1180,1475
67.7,1181,1477
67.8,1183,1479
67.9,1185,1481
68.0,1187,1483
68.1,1188,1485
68.2,1190,1488
68.3,1192,1490
68.4,1194,1492
68.5,1195,1494
68.6,1197,1496
68.7,1199,1499
68.8,1201,1501
68.9,1202,1503
69.0,1204,1505
69.1,1206,1507
69.2,1208,1509
69.3,1209,1512
69.4,1211,1514
69.5,1213,1516
69.6,1215,1518
69.7,1216,1520
69.8,1218,1523
69.9,1220,1525
70.0,1222,1527
70.1,1223,1529
70.2,1225,1531
70.3,1227,1533
70.4,1228,1536
70.5,1230,1538
70.6,1232,1540
70.7,1234,1542
70.8,1235,1544
70.9,1237,1547
71.0,1239,1549
71.1,1241,1551
71.2,1242,1553
71.3,1244,1555
71.4,1246,1557
71.5,1248,1560
71.6,1249,1562
71.7,1251,1564
71.8,1253,1566
71.9,1255,1568
72.0,1256,1571
72.1,1258,1573
72.2,1260,1575
72.3,1262,1577
72.4,1263,1579
72.5,1265,1581
72.6,1267,1584
72.7,1269,1586
72.8,1270,1588
72.9,1272,1590
73.0,1274,1592
73.1,1276,1594
73.2,1277,1597
73.3,1279,1599
73.4,1281,1601
73.5,1283,1603
73.6,1284,1605
73.7,1286,1608
73.8,1288,1610
73.9,1290,1612
74.0,1291,1614
74.1,1293,1616
74.2,1295,1618
74.3,1297,1621
74.4,1298,1623
74.5,1300,1625
74.6,1302,1627
74.7,1304,1629
74.8,1305,1632
74.9,1307,1634
75.0,1309,1636
75.1,1310,1638
75.2,1312,1640
75.3,1314,1642
75.4,1316,1645
75.5,1317,1647
75.6,1319,1649
75.7,1321,1651
75.8,1323,1653
75.9,1324,1656
76.0,1326,1658
76.1,1328,1660
76.2,1330,1662
76.3,1331,1664
76.4,1333,1666
76.5,1335,1669
76.6,1337,1671
76.7,1338,1673
76.8,1340,1675
76.9,1342,1677
77.0,1344,1680
77.1,1345,1682
77.2,1347,1684
77.3,1349,1686
77.4,1351,1688
77.5,1352,1690
77.6,1354,1693
77.7,1356,1695
77.8,1358,1697
77.9,1359,1699
78.0,1361,1701
78.1,1363,1704
78.2,1365,1706
78.3,1366,1708
78.4,1368,1710
78.5,1370,1712
78.6,1372,1714
78.7,1373,1717
78.8,1375,1719
78.9,1377,1721
79.0,1379,1723
79.1,1380,1725
79.2,1382,1728
79.3,1384,1730
79.4,1386,1732
79.5,1387,1734
79.6,1389,1736
79.7,1391,1738
79.8,1393,1741
79.9,1394,1743
80.0,1396,1745
80.1,1398,1747
80.2,1399,1749
80.3,1401,1752
80.4,1403,1754
80.5,1405,1756
80.6,1406,1758
80.7,1408,1760
80.8,1410,1762
80.9,1412,1765
81.0,1413,1767
81.1,1415,1769
81.2,1417,1771
81.3,1419,1773
81.4,1420,1776
81.5,1422,1778
81.6,1424,1780
81.7,1426,1782
81.8,1427,1784
81.9,1429,1786
82.0,1431,1789
82.1,1433,1791
82.2,1434,1793
82.3,1436,1795
82.4,1438,1797
82.5,1440,1800
82.6,1441,1802
82.7,1443,1804
82.8,1445,1806
82.9,1447,1808
83.0,1448,1810
83.1,1450,1813
83.2,1452,1815
83.3,1454,1817
83.4,1455,1819
83.5,1457,1821
83.6,1459,1824
83.7,1461,1826
83.8,1462,1828
83.9,1464,1830
84.0,1466,1832
84.1,1468,1834
84.2,1469,1837
84.3,1471,1839
84.4,1473,1841
84.5,1475,1843
84.6,1476,1845
84.7,1478,1848
84.8,1480,1850
84.9,1482,1852
85.0,1483,1854
85.1,1485,1856
85.2,1487,1858
85.3,1488,1861
85.4,1490,1863
85.5,1492,1865
85.6,1494,1867
85.7,1495,1869
85.8,1497,1872
85.9,1499,1874
86.0,1501,1876
86.1,1502,1878
86.2,1504,1880
86.3,1506,1882
86.4,1508,1885
86.5,1509,1887
86.6,1511,1889
86.7,1513,1891
86.8,1515,1893
86.9,1516,1896
87.0,1518,1898
87.1,1520,1900
87.2,1522,1902
87.3,1523,1904
87.4,1525,1906
87.5,1527,1909
87.6,1529,1911
87.7,1530,1913
87.8,1532,1915
87.9,1534,1917
88.0,1536,1920
88.1,1537,1922
88.2,1539,1924
88.3,1541,1926
88.4,1543,1928
88.5,1544,1930
88.6,1546,1933
88.7,1548,1935
88.8,1550,1937
88.9,1551,1939
89.0,1553,1941
89.1,1555,1943
89.2,1557,1946
89.3,1558,1948
89.4,1560,1950
89.5,1562,1952
89.6,1564,1954
89.7,1565,1957
89.8,1567,1959
89.9,1569,1961
90.0,1571,1963
90.1,1572,1965
90.2,1574,1967
90.3,1576,1970
90.4,1577,1972
90.5,1579,1974
90.6,1581,1976
90.7,1583,1978
90.8,1584,1981
90.9,1586,1983
91.0,1588,1985
91.1,1590,1987
91.2,1591,1989
91.3,1593,1991
91.4,1595,1994
91.5,1597,1996
91.6,1598,1998
91.7,1600,2000
91.8,1602,2002
91.9,1604,2005
92.0,1605,2007
92.1,1607,2009
92.2,1609,2011
92.3,1611,2013
92.4,1612,2015
92.5,1614,2018
92.6,1616,2020
92.7,1618,2022
92.8,1619,2024
92.9,1621,2026
93.0,1623,2029
93.1,1625,2031
93.2,1626,2033
93.3,1628,2035
93.4,1630,2037
93.5,1632,2039
93.6,1633,2042
93.7,1635,2044
93.8,1637,2046
93.9,1639,2048
94.0,1640,2050
94.1,1642,2053
94.2,1644,2055
94.3,1646,2057
94.4,1647,2059
94.5,1649,2061
94.6,1651,2063
94.7,1653,2066
94.8,1654,2068
94.9,1656,2070
95.0,1658,2072
95.1,1659,2074
95.2,1661,2077
95.3,1663,2079
95.4,1665,2081
95.5,1666,2083
95.6,1668,2085
95.7,1670,2087
95.8,1672,2090
95.9,1673,2092
96.0,1675,2094
96.1,1677,2096
96.2,1679,2098
96.3,1680,2101
96.4,1682,2103
96.5,1684,2105
96.6,1686,2107
96.7,1687,2109
96.8,1689,2111
96.9,1691,2114
97.0,1693,2116
97.1,1694,2118
97.2,1696,2120
97.3,1698,2122
97.4,1700,2125
97.5,1701,2127
97.6,1703,2129
97.7,1705,2131
97.8,1707,2133
97.9,1708,2135
98.0,1710,2138
98.1,1712,2140
98.2,1714,2142
98.3,1715,2144
98.4,1717,2146
98.5,1719,2149
98.6,1721,2151
98.7,1722,2153
98.8,1724,2155
98.9,1726,2157
99.0,1728,2159
99.1,1729,2162
99.2,1731,2164
99.3,1733,2166
99.4,1735,2168
99.5,1736,2170
99.6,1738,2173
99.7,1740,2175
99.8,1742,2177
99.9,1743,2179
100.0,1745,2181
100.1,1747,2183
100.2,1748,2186
100.3,1750,2188
100.4,1752,2190
100.5,1754,2192
100.6,1755,2194
100.7,1757,2197
100.8,1759,2199
100.9,1761,2201
101.0,1762,2203
101.1,1764,2205
101.2,1766,2207
101.3,1768,2210
101.4,1769,2212
101.5,1771,2214
101.6,1773,2216
101.7,1775,2218
101.8,1776,2221
101.9,1778,2223
102.0,1780,2225
102.1,1782,2227
102.2,1783,2229
102.3,1785,2231
102.4,1787,2234
102.5,1789,2236
102.6,1790,2238
102.7,1792,2240
102.8,1794,2242
102.9,1796,2245
103.0,1797,2247
103.1,1799,2249
103.2,1801,2251
103.3,1803,2253
103.4,1804,2255
103.5,1806,2258
103.6,1808,2260
103.7,1810,2262
103.8,1811,2264
103.9,1813,2266
104.0,1815,2269
104.1,1817,2271
104.2,1818,2273
104.3,1820,2275
104.4,1822,2277
104.5,1824,2279
104.6,1825,2282
104.7,1827,2284
104.8,1829,2286
104.9,1831,2288
105.0,1832,2290
105.1,1834,2292
105.2,1836,2295
105.3,1837,2297
105.4,1839,2299
105.5,1841,2301
105.6,1843,2303
105.7,1844,2306
105.8,1846,2308
105.9,1848,2310
106.0,1850,2312
106.1,1851,2314
106.2,1853,2316
106.3,1855,2319
106.4,1857,2321
106.5,1858,2323
106.6,1860,2325
106.7,1862,2327
106.8,1864,2330
106.9,1865,2332
107.0,1867,2334
107.1,1869,2336
107.2,1871,2338
107.3,1872,2340
107.4,1874,2343
107.5,1876,2345
107.6,1878,2347
107.7,1879,2349
107.8,1881,2351
107.9,1883,2354
108.0,1885,2356
108.1,1886,2358
108.2,1888,2360
108.3,1890,2362
108.4,1892,2364
108.5,1893,2367
108.6,1895,2369
108.7,1897,2371
108.8,1899,2373
108.9,1900,2375
109.0,1902,2378
109.1,1904,2380
109.2,1906,2382
109.3,1907,2384
109.4,1909,2386
109.5,1911,2388
109.6,1913,2391
109.7,1914,2393
109.8,1916,2395
109.9,1918,2397
110.0,1920,2399
110.1,1921,2402
110.2,1923,2404
110.3,1925,2406
110.4,1926,2408
110.5,1928,2410
110.6,1930,2412
110.7,1932,2415
110.8,1933,2417
110.9,1935,2419
111.0,1937,2421
111.1,1939,2423
111.2,1940,2426
111.3,1942,2428
111.4,1944,2430
111.5,1946,2432
111.6,1947,2434
111.7,1949,2436
111.8,1951,2439
111.9,1953,2441
112.0,1954,2443
112.1,1956,2445
112.2,1958,2447
112.3,1960,2450
112.4,1961,2452
112.5,1963,2454
112.6,1965,2456
112.7,1967,2458
112.8,1968,2460
112.9,1970,2463
113.0,1972,2465
113.1,1974,2467
113.2,1975,2469
113.3,1977,2471
113.4,1979,2474
113.5,1981,2476
113.6,1982,2478
113.7,1984,2480
113.8,1986,2482
113.9,1988,2484
114.0,1989,2487
114.1,1991,2489
114.2,1993,2491
114.3,1995,2493
114.4,1996,2495
114.5,1998,2498
114.6,2000,2500
114.7,2002,2502
114.8,2003,2504
114.9,2005,2506
115.0,2007,2508
115.1,2008,2511
115.2,2010,2513
115.3,2012,2515
115.4,2014,2517
115.5,2015,2519
115.6,2017,2522
115.7,2019,2524
115.8,2021,2526
115.9,2022,2528
116.0,2024,2530
116.1,2026,2532
116.2,2028,2535
116.3,2029,2537
116.4,2031,2539
116.5,2033,2541
116.6,2035,2543
116.7,2036,2546
116.8,2038,2548
116.9,2040,2550
117.0,2042,2552
117.1,2043,2554
117.2,2045,2556
117.3,2047,2559
117.4,2049,2561
117.5,2050,2563
117.6,2052,2565
117.7,2054,2567
117.8,2056,2570
117.9,2057,2572
118.0,2059,2574
118.1,2061,2576
118.2,2063,2578
118.3,2064,2580
118.4,2066,2583
118.5,2068,2585
118.6,2070,2587
118.7,2071,2589
118.8,2073,2591
118.9,2075,2594
119.0,2077,2596
119.1,2078,2598
119.2,2080,2600
119.3,2082,2602
119.4,2084,2604
119.5,2085,2607
119.6,2087,2609
119.7,2089,2611
119.8,2091,2613
119.9,2092,2615
120.0,2094,2618
120.1,2096,2620
120.2,2097,2622
120.3,2099,2624
120.4,2101,2626
120.5,2103,2628
120.6,2104,2631
120.7,2106,2633
120.8,2108,2635
120.9,2110,2637
121.0,2111,2639
121.1,2113,2641
121.2,2115,2644
121.3,2117,2646
121.4,2118,2648
121.5,2120,2650
121.6,2122,2652
121.7,2124,2655
121.8,2125,2657
121.9,2127,2659
122.0,2129,2661
122.1,2131,2663
122.2,2132,2665
122.3,2134,2668
122.4,2136,2670
122.5,2138,2672
122.6,2139,2674
122.7,2141,2676
122.8,2143,2679
122.9,2145,2681
123.0,2146,2683
123.1,2148,2685
123.2,2150,2687
123.3,2152,2689
123.4,2153,2692
123.5,2155,2694
123.6,2157,2696
123.7,2159,2698
123.8,2160,2700
123.9,2162,2703
124.0,2164,2705
124.1,2166,2707
124.2,2167,2709
124.3,2169,2711
124.4,2171,2713
124.5,2173,2716
124.6,2174,2718
124.7,2176,2720
124.8,2178,2722
124.9,2180,2724
125.0,2181,2727
125.1,2183,2729
125.2,2185,2731
125.3,2186,2733
125.4,2188,2735
125.5,2190,2737
125.6,2192,2740
125.7,2193,2742
125.8,2195,2744
125.9,2197,2746
126.0,2199,2748
126.1,2200,2751
126.2,2202,2753
126.3,2204,2755
126.4,2206,2757
126.5,2207,2759
126.6,2209,2761
126.7,2211,2764
126.8,2213,2766
126.9,2214,2768
127.0,2216,2770
127.1,2218,2772
127.2,2220,2775
127.3,2221,2777
127.4,2223,2779
127.5,2225,2781
127.6,2227,2783
127.7,2228,2785
127.8,2230,2788
127.9,2232,2790
128.0,2234,2792
128.1,2235,2794
128.2,2237,2796
128.3,2239,2799
128.4,2241,2801
128.5,2242,2803
128.6,2244,2805
128.7,2246,2807
128.8,2248,2809
128.9,2249,2812
129.0,2251,2814
129.1,2253,2816
129.2,2255,2818
129.3,2256,2820
129.4,2258,2823
129.5,2260,2825
129.6,2262,2827
129.7,2263,2829
129.8,2265,2831
129.9,2267,2833
130.0,2269,2836
130.1,2270,2838
130.2,2272,2840
130.3,2274,2842
130.4,2275,2844
130.5,2277,2847
130.6,2279,2849
130.7,2281,2851
130.8,2282,2853
130.9,2284,2855
131.0,2286,2857
131.1,2288,2860
131.2,2289,2862
131.3,2291,2864
131.4,2293,2866
131.5,2295,2868
131.6,2296,2871
131.7,2298,2873
131.8,2300,2875
131.9,2302,2877
132.0,2303,2879
132.1,2305,2881
132.2,2307,2884
132.3,2309,2886
132.4,2310,2888
132.5,2312,2890
132.6,2314,2892
132.7,2316,2895
132.8,2317,2897
132.9,2319,2899
133.0,2321,2901
133.1,2323,2903
133.2,2324,2905
133.3,2326,2908
133.4,2328,2910
133.5,2330,2912
133.6,2331,2914
133.7,2333,2916
133.8,2335,2919
133.9,2337,2921
134.0,2338,2923
134.1,2340,2925
134.2,2342,2927
134.3,2344,2929
134.4,2345,2932
134.5,2347,2934
134.6,2349,2936
134.7,2351,2938
134.8,2352,2940
134.9,2354,2943
135.0,2356,2945
135.1,2357,2947
135.2,2359,2949
135.3,2361,2951
135.4,2363,2953
135.5,2364,2956
135.6,2366,2958
135.7,2368,2960
135.8,2370,2962
135.9,2371,2964
136.0,2373,2967
136.1,2375,2969
136.2,2377,2971
136.3,2378,2973
136.4,2380,2975
136.5,2382,2977
136.6,2384,2980
136.7,2385,2982
136.8,2387,2984
136.9,2389,2986
137.0,2391,2988
137.1,2392,2990
137.2,2394,2993
137.3,2396,2995
137.4,2398,2997
137.5,2399,2999
137.6,2401,3001
137.7,2403,3004
137.8,2405,3006
137.9,2406,3008
138.0,2408,3010
138.1,2410,3012
138.2,2412,3014
138.3,2413,3017
138.4,2415,3019
138.5,2417,3021
138.6,2419,3023
138.7,2420,3025
138.8,2422,3028
138.9,2424,3030
139.0,2426,3032
139.1,2427,3034
139.2,2429,3036
139.3,2431,3038
139.4,2433,3041
139.5,2434,3043
139.6,2436,3045
139.7,2438,3047
139.8,2440,3049
139.9,2441,3052
140.0,2443,3054
140.1,2445,3056
140.2,2446,3058
140.3,2448,3060
140.4,2450,3062
140.5,2452,3065
140.6,2453,3067
140.7,2455,3069
140.8,2457,3071
140.9,2459,3073
141.0,2460,3076
141.1,2462,3078
141.2,2464,3080
141.3,2466,3082
141.4,2467,3084
141.5,2469,3086
141.6,2471,3089
141.7,2473,3091
141.8,2474,3093
141.9,2476,3095
142.0,2478,3097
142.1,2480,3100
142.2,2481,3102
142.3,2483,3104
142.4,2485,3106
142.5,2487,3108
142.6,2488,3110
142.7,2490,3113
142.8,2492,3115
142.9,2494,3117
143.0,2495,3119
143.1,2497,3121
143.2,2499,3124
143.3,2501,3126
143.4,2502,3128
143.5,2504,3130
143.6,2506,3132
143.7,2508,3134
143.8,2509,3137
143.9,2511,3139
144.0,2513,3141
144.1,2515,3143
144.2,2516,3145
144.3,2518,3148
144.4,2520,3150
144.5,2522,3152
144.6,2523,3154
144.7,2525,3156
144.8,2527,3158
144.9,2529,3161
145.0,2530,3163
145.1,2532,3165
145.2,2534,3167
145.3,2535,3169
145.4,2537,3172
145.5,2539,3174
145.6,2541,3176
145.7,2542,3178
145.8,2544,3180
145.9,2546,3182
146.0,2548,3185
146.1,2549,3187
146.2,2551,3189
146.3,2553,3191
146.4,2555,3193
146.5,2556,3196
146.6,2558,3198
146.7,2560,3200
146.8,2562,3202
146.9,2563,3204
147.0,2565,3206
147.1,2567,3209
147.2,2569,3211
147.3,2570,3213
147.4,2572,3215
147.5,2574,3217
147.6,2576,3220
147.7,2577,3222
147.8,2579,3224
147.9,2581,3226
148.0,2583,3228
148.1,2584,3230
148.2,2586,3233
148.3,2588,3235
148.4,2590,3237
148.5,2591,3239
148.6,2593,3241
148.7,2595,3244
148.8,2597,3246
148.9,2598,3248
149.0,2600,3250
149.1,2602,3252
149.2,2604,3254
149.3,2605,3257
149.4,2607,3259
149.5,2609,3261
149.6,2611,3263
149.7,2612,3265
149.8,2614,3268
149.9,2616,3270
150.0,2618,3272
150.1,2619,3274
150.2,2621,3276
150.3,2623,3278
150.4,2624,3281
150.5,2626,3283
150.6,2628,3285
150.7,2630,3287
150.8,2631,3289
150.9,2633,3292
151.0,2635,3294
151.1,2637,3296
151.2,2638,3298
151.3,2640,3300
151.4,2642,3302
151.5,2644,3305
151.6,2645,3307
151.7,2647,3309
151.8,2649,3311
151.9,2651,3313
152.0,2652,3316
152.1,2654,3318
152.2,2656,3320
152.3,2658,3322
152.4,2659,3324
152.5,2661,3326
152.6,2663,3329
152.7,2665,3331
152.8,2666,3333
152.9,2668,3335
153.0,2670,3337
153.1,2672,3339
153.2,2673,3342
153.3,2675,3344
153.4,2677,3346
153.5,2679,3348
153.6,2680,3350
153.7,2682,3353
153.8,2684,3355
153.9,2686,3357
154.0,2687,3359
154.1,2689,3361
154.2,2691,3363
154.3,2693,3366
154.4,2694,3368
154.5,2696,3370
154.6,2698,3372
154.7,2700,3374
154.8,2701,3377
154.9,2703,3379
155.0,2705,3381
155.1,2706,3383
155.2,2708,3385
155.3,2710,3387
155.4,2712,3390
155.5,2713,3392
155.6,2715,3394
155.7,2717,3396
155.8,2719,3398
155.9,2720,3401
156.0,2722,3403
156.1,2724,3405
156.2,2726,3407
156.3,2727,3409
156.4,2729,3411
156.5,2731,3414
156.6,2733,3416
156.7,2734,3418
156.8,2736,3420
156.9,2738,3422
157.0,2740,3425
157.1,2741,3427
157.2,2743,3429
157.3,2745,3431
157.4,2747,3433
157.5,2748,3435
157.6,2750,3438
157.7,2752,3440
157.8,2754,3442
157.9,2755,3444
158.0,2757,3446
158.1,2759,3449
158.2,2761,3451
158.3,2762,3453
158.4,2764,3455
158.5,2766,3457
158.6,2768,3459
158.7,2769,3462
158.8,2771,3464
158.9,2773,3466
159.0,2775,3468
159.1,2776,3470
159.2,2778,3473
159.3,2780,3475
159.4,2782,3477
159.5,2783,3479
159.6,2785,3481
159.7,2787,3483
159.8,2789,3486
159.9,2790,3488
160.0,2792,3490
160.1,2794,3492
160.2,2795,3494
160.3,2797,3497
160.4,2799,3499
160.5,2801,3501
160.6,2802,3503
160.7,2804,3505
160.8,2806,3507
160.9,2808,3510
161.0,2809,3512
161.1,2811,3514
161.2,2813,3516
161.3,2815,3518
161.4,2816,3521
161.5,2818,3523
161.6,2820,3525
161.7,2822,3527
161.8,2823,3529
161.9,2825,3531
162.0,2827,3534
162.1,2829,3536
162.2,2830,3538
162.3,2832,3540
162.4,2834,3542
162.5,2836,3545
162.6,2837,3547
162.7,2839,3549
162.8,2841,3551
162.9,2843,3553
163.0,2844,3555
163.1,2846,3558
163.2,2848,3560
163.3,2850,3562
163.4,2851,3564
163.5,2853,3566
163.6,2855,3569
163.7,2857,3571
163.8,2858,3573
163.9,2860,3575
164.0,2862,3577
164.1,2864,3579
164.2,2865,3582
164.3,2867,3584
164.4,2869,3586
164.5,2871,3588
164.6,2872,3590
164.7,2874,3593
164.8,2876,3595
164.9,2878,3597
165.0,2879,3599
165.1,2881,3601
165.2,2883,3603
165.3,2884,3606
165.4,2886,3608
165.5,2888,3610
165.6,2890,3612
165.7,2891,3614
165.8,2893,3617
165.9,2895,3619
166.0,2897,3621
166.1,2898,3623
166.2,2900,3625
166.3,2902,3627
166.4,2904,3630
166.5,2905,3632
166.6,2907,3634
166.7,2909,3636
166.8,2911,3638
166.9,2912,3641
167.0,2914,3643
167.1,2916,3645
167.2,2918,3647
167.3,2919,3649
167.4,2921,3651
167.5,2923,3654
167.6,2925,3656
167.7,2926,3658
167.8,2928,3660
167.9,2930,3662
168.0,2932,3665
168.1,2933,3667
168.2,2935,3669
168.3,2937,3671
168.4,2939,3673
168.5,2940,3675
168.6,2942,3678
168.7,2944,3680
168.8,2946,3682
168.9,2947,3684
169.0,2949,3686
169.1,2951,3688
169.2,2953,3691
169.3,2954,3693
169.4,2956,3695
169.5,2958,3697
169.6,2960,3699
169.7,2961,3702
169.8,2963,3704
169.9,2965,3706
170.0,2967,3708
170.1,2968,3710
170.2,2970,3712
170.3,2972,3715
170.4,2973,3717
170.5,2975,3719
170.6,2977,3721
170.7,2979,3723
170.8,2980,3726
170.9,2982,3728
171.0,2984,3730
171.1,2986,3732
171.2,2987,3734
171.3,2989,3736
171.4,2991,3739
171.5,2993,3741
171.6,2994,3743
171.7,2996,3745
171.8,2998,3747
171.9,3000,3750
172.0,3001,3752
172.1,3003,3754
172.2,3005,3756
172.3,3007,3758
172.4,3008,3760
172.5,3010,3763
172.6,3012,3765
172.7,3014,3767
172.8,3015,3769
172.9,3017,3771
173.0,3019,3774
173.1,3021,3776
173.2,3022,3778
173.3,3024,3780
173.4,3026,3782
173.5,3028,3784
173.6,3029,3787
173.7,3031,3789
173.8,3033,3791
173.9,3035,3793
174.0,3036,3795
174.1,3038,3798
174.2,3040,3800
174.3,3042,3802
174.4,3043,3804
174.5,3045,3806
174.6,3047,3808
174.7,3049,3811
174.8,3050,3813
174.9,3052,3815
175.0,3054,3817
175.1,3055,3819
175.2,3057,3822
175.3,3059,3824
175.4,3061,3826
175.5,3062,3828
175.6,3064,3830
175.7,3066,3832
175.8,3068,3835
175.9,3069,3837
176.0,3071,3839
176.1,3073,3841
176.2,3075,3843
176.3,3076,3846
176.4,3078,3848
176.5,3080,3850
176.6,3082,3852
176.7,3083,3854
176.8,3085,3856
176.9,3087,3859
177.0,3089,3861
177.1,3090,3863
177.2,3092,3865
177.3,3094,3867
177.4,3096,3870
177.5,3097,3872
177.6,3099,3874
177.7,3101,3876
177.8,3103,3878
177.9,3104,3880
178.0,3106,3883
178.1,3108,3885
178.2,3110,3887
178.3,3111,3889
178.4,3113,3891
178.5,3115,3894
178.6,3117,3896
178.7,3118,3898
178.8,3120,3900
178.9,3122,3902
179.0,3124,3904
179.1,3125,3907
179.2,3127,3909
179.3,3129,3911
179.4,3131,3913
179.5,3132,3915
179.6,3134,3918
179.7,3136,3920
179.8,3138,3922
179.9,3139,3924
180.0,3141,3926
180.1,3143,3928
180.2,3144,3931
180.3,3146,3933
180.4,3148,3935
180.5,3150,3937
180.6,3151,3939
180.7,3153,3942
180.8,3155,3944
180.9,3157,3946
181.0,3158,3948
181.1,3160,3950
181.2,3162,3952
181.3,3164,3955
181.4,3165,3957
181.5,3167,3959
181.6,3169,3961
181.7,3171,3963
181.8,3172,3966
181.9,3174,3968
182.0,3176,3970
182.1,3178,3972
182.2,3179,3974
182.3,3181,3976
182.4,3183,3979
182.5,3185,3981
182.6,3186,3983
182.7,3188,3985
182.8,3190,3987
182.9,3192,3990
183.0,3193,3992
183.1,3195,3994
183.2,3197,3996
183.3,3199,3998
183.4,3200,4000
183.5,3202,4003
183.6,3204,4005
183.7,3206,4007
183.8,3207,4009
183.9,3209,4011
184.0,3211,4014
184.1,3213,4016
184.2,3214,4018
184.3,3216,4020
184.4,3218,4022
184.5,3220,4024
184.6,3221,4027
184.7,3223,4029
184.8,3225,4031
184.9,3227,4033
185.0,3228,4035
185.1,3230,4037
185.2,3232,4040
185.3,3233,4042
185.4,3235,4044
185.5,3237,4046
185.6,3239,4048
185.7,3240,4051
185.8,3242,4053
185.9,3244,4055
186.0,3246,4057
186.1,3247,4059
186.2,3249,4061
186.3,3251,4064
186.4,3253,4066
186.5,3254,4068
186.6,3256,4070
186.7,3258,4072
186.8,3260,4075
186.9,3261,4077
187.0,3263,4079
187.1,3265,4081
187.2,3267,4083
187.3,3268,4085
187.4,3270,4088
187.5,3272,4090
187.6,3274,4092
187.7,3275,4094
187.8,3277,4096
187.9,3279,4099
188.0,3281,4101
188.1,3282,4103
188.2,3284,4105
188.3,3286,4107
188.4,3288,4109
188.5,3289,4112
188.6,3291,4114
188.7,3293,4116
188.8,3295,4118
188.9,3296,4120
189.0,3298,4123
189.1,3300,4125
189.2,3302,4127
189.3,3303,4129
189.4,3305,4131
189.5,3307,4133
189.6,3309,4136
189.7,3310,4138
189.8,3312,4140
189.9,3314,4142
190.0,3316,4144
190.1,3317,4147
190.2,3319,4149
190.3,3321,4151
190.4,3322,4153
190.5,3324,4155
190.6,3326,4157
190.7,3328,4160
190.8,3329,4162
190.9,3331,4164
191.0,3333,4166
191.1,3335,4168
191.2,3336,4171
191.3,3338,4173
191.4,3340,4175
191.5,3342,4177
191.6,3343,4179
191.7,3345,4181
191.8,3347,4184
191.9,3349,4186
192.0,3350,4188
192.1,3352,4190
192.2,3354,4192
192.3,3356,4195
192.4,3357,4197
192.5,3359,4199
192.6,3361,4201
192.7,3363,4203
192.8,3364,4205
192.9,3366,4208
193.0,3368,4210
193.1,3370,4212
193.2,3371,4214
193.3,3373,4216
193.4,3375,4219
193.5,3377,4221
193.6,3378,4223
193.7,3380,4225
193.8,3382,4227
193.9,3384,4229
194.0,3385,4232
194.1,3387,4234
194.2,3389,4236
194.3,3391,4238
194.4,3392,4240
194.5,3394,4243
194.6,3396,4245
194.7,3398,4247
194.8,3399,4249
194.9,3401,4251
195.0,3403,4253
195.1,3404,4256
195.2,3406,4258
195.3,3408,4260
195.4,3410,4262
195.5,3411,4264
195.6,3413,4267
195.7,3415,4269
195.8,3417,4271
195.9,3418,4273
196.0,3420,4275
196.1,3422,4277
196.2,3424,4280
196.3,3425,4282
196.4,3427,4284
196.5,3429,4286
196.6,3431,4288
196.7,3432,4291
196.8,3434,4293
196.9,3436,4295
197.0,3438,4297
197.1,3439,4299
197.2,3441,4301
197.3,3443,4304
197.4,3445,4306
197.5,3446,4308
197.6,3448,4310
197.7,3450,4312
197.8,3452,4315
197.9,3453,4317
198.0,3455,4319
198.1,3457,4321
198.2,3459,4323
198.3,3460,4325
198.4,3462,4328
198.5,3464,4330
198.6,3466,4332
198.7,3467,4334
198.8,3469,4336
198.9,3471,4339
199.0,3473,4341
199.1,3474,4343
199.2,3476,4345
199.3,3478,4347
199.4,3480,4349
199.5,3481,4352
199.6,3483,4354
199.7,3485,4356
199.8,3487,4358
199.9,3488,4360
200.0,3490,4363
200.1,3492,4365
200.2,3493,4367
200.3,3495,4369
200.4,3497,4371
200.5,3499,4373
200.6,3500,4376
200.7,3502,4378
200.8,3504,4380
200.9,3506,4382
201.0,3507,4384
201.1,3509,4386
201.2,3511,4389
201.3,3513,4391
201.4,3514,4393
